"crab" <- 
structure(.Data = list("sp" = structure(.Data = c(1, 1, 1, 1, 1, 1, 1, 1, 1, 1, 1, 1, 1, 1, 1, 1, 1, 1, 1, 1, 1, 1, 1, 1, 1,
	1, 1, 1, 1, 1, 1, 1, 1, 1, 1, 1, 1, 1, 1, 1, 1, 1, 1, 1, 1, 1, 1, 1,
	1, 1, 1, 1, 1, 1, 1, 1, 1, 1, 1, 1, 1, 1, 1, 1, 1, 1, 1, 1, 1, 1, 1,
	1, 1, 1, 1, 1, 1, 1, 1, 1, 1, 1, 1, 1, 1, 1, 1, 1, 1, 1, 1, 1, 1, 1,
	1, 1, 1, 1, 1, 1, 2, 2, 2, 2, 2, 2, 2, 2, 2, 2, 2, 2, 2, 2, 2, 2, 2,
	2, 2, 2, 2, 2, 2, 2, 2, 2, 2, 2, 2, 2, 2, 2, 2, 2, 2, 2, 2, 2, 2, 2,
	2, 2, 2, 2, 2, 2, 2, 2, 2, 2, 2, 2, 2, 2, 2, 2, 2, 2, 2, 2, 2, 2, 2,
	2, 2, 2, 2, 2, 2, 2, 2, 2, 2, 2, 2, 2, 2, 2, 2, 2, 2, 2, 2, 2, 2, 2,
	2, 2, 2, 2, 2, 2, 2, 2, 2, 2, 2, 2, 2, 2)
, levels = c("B", "O")
, class = "factor"
)
, "sex" = structure(.Data = c(2, 2, 2, 2, 2, 2, 2, 2, 2, 2, 2, 2, 2, 2, 2, 2, 2, 2, 2, 2, 2, 2, 2, 2, 2,
	2, 2, 2, 2, 2, 2, 2, 2, 2, 2, 2, 2, 2, 2, 2, 2, 2, 2, 2, 2, 2, 2, 2,
	2, 2, 1, 1, 1, 1, 1, 1, 1, 1, 1, 1, 1, 1, 1, 1, 1, 1, 1, 1, 1, 1, 1,
	1, 1, 1, 1, 1, 1, 1, 1, 1, 1, 1, 1, 1, 1, 1, 1, 1, 1, 1, 1, 1, 1, 1,
	1, 1, 1, 1, 1, 1, 2, 2, 2, 2, 2, 2, 2, 2, 2, 2, 2, 2, 2, 2, 2, 2, 2,
	2, 2, 2, 2, 2, 2, 2, 2, 2, 2, 2, 2, 2, 2, 2, 2, 2, 2, 2, 2, 2, 2, 2,
	2, 2, 2, 2, 2, 2, 2, 2, 2, 2, 1, 1, 1, 1, 1, 1, 1, 1, 1, 1, 1, 1, 1,
	1, 1, 1, 1, 1, 1, 1, 1, 1, 1, 1, 1, 1, 1, 1, 1, 1, 1, 1, 1, 1, 1, 1,
	1, 1, 1, 1, 1, 1, 1, 1, 1, 1, 1, 1, 1, 1)
, levels = c("F", "M")
, class = "factor"
)
, "index" = c(1., 2., 3., 4., 5., 6., 7., 8., 9., 10., 11., 12., 13., 14., 15., 16., 17.,
	18., 19., 20., 21., 22., 23., 24., 25., 26., 27., 28., 29., 30., 31.,
	32., 33., 34., 35., 36., 37., 38., 39., 40., 41., 42., 43., 44., 45.,
	46., 47., 48., 49., 50., 1., 2., 3., 4., 5., 6., 7., 8., 9., 10., 11.,
	12., 13., 14., 15., 16., 17., 18., 19., 20., 21., 22., 23., 24., 25.,
	26., 27., 28., 29., 30., 31., 32., 33., 34., 35., 36., 37., 38., 39.,
	40., 41., 42., 43., 44., 45., 46., 47., 48., 49., 50., 1., 2., 3.,
	4., 5., 6., 7., 8., 9., 10., 11., 12., 13., 14., 15., 16., 17., 18.,
	19., 20., 21., 22., 23., 24., 25., 26., 27., 28., 29., 30., 31., 32.,
	33., 34., 35., 36., 37., 38., 39., 40., 41., 42., 43., 44., 45., 46.,
	47., 48., 49., 50., 1., 2., 3., 4., 5., 6., 7., 8., 9., 10., 11., 12.,
	13., 14., 15., 16., 17., 18., 19., 20., 21., 22., 23., 24., 25., 26.,
	27., 28., 29., 30., 31., 32., 33., 34., 35., 36., 37., 38., 39., 40.,
	41., 42., 43., 44., 45., 46., 47., 48., 49., 50.)
, "FL" = c(8.0999999999999996, 8.8000000000000007, 9.1999999999999993, 
	9.5999999999999996, 9.8000000000000007, 10.800000000000001, 11.1, 11.6,
	11.800000000000001, 11.800000000000001, 12.199999999999999, 
	12.300000000000001, 12.6, 12.800000000000001, 12.800000000000001, 12.9,
	13.1, 13.1, 13.300000000000001, 13.9, 14.300000000000001, 14.6, 15.,
	15., 15., 15.199999999999999, 15.4, 15.699999999999999, 15.9, 
	16.100000000000001, 16.100000000000001, 16.199999999999999, 
	16.300000000000001, 16.399999999999999, 16.600000000000001, 
	16.800000000000001, 16.899999999999999, 17.100000000000001, 
	17.100000000000001, 17.199999999999999, 17.699999999999999, 
	17.899999999999999, 18., 18.800000000000001, 19.300000000000001, 
	19.300000000000001, 19.699999999999999, 19.800000000000001, 
	19.800000000000001, 21.300000000000001, 7.2000000000000002, 9., 
	9.0999999999999996, 9.0999999999999996, 9.5, 9.8000000000000007, 10.1,
	10.300000000000001, 10.4, 10.800000000000001, 11., 11.199999999999999,
	11.5, 11.6, 11.6, 11.699999999999999, 11.9, 12., 12., 12.6, 
	12.800000000000001, 12.800000000000001, 12.800000000000001, 13., 13.1,
	13.199999999999999, 13.4, 13.699999999999999, 13.9, 14.699999999999999,
	14.9, 15., 15., 15.1, 15.1, 15.1, 15.199999999999999, 
	15.300000000000001, 15.4, 15.5, 15.6, 15.6, 15.699999999999999, 
	15.800000000000001, 16.199999999999999, 16.399999999999999, 
	16.699999999999999, 17.399999999999999, 17.5, 19.199999999999999, 
	9.0999999999999996, 10.199999999999999, 10.699999999999999, 11.4, 12.5,
	12.5, 12.699999999999999, 13.199999999999999, 13.4, 13.699999999999999,
	14., 14.1, 14.1, 14.1, 14.199999999999999, 14.199999999999999, 
	14.199999999999999, 14.6, 14.699999999999999, 15.1, 15.1, 15.4, 
	15.699999999999999, 16.199999999999999, 16.300000000000001, 
	17.100000000000001, 17.399999999999999, 17.5, 17.5, 17.800000000000001,
	17.899999999999999, 18., 18.199999999999999, 18.399999999999999, 
	18.600000000000001, 18.600000000000001, 18.800000000000001, 
	18.800000000000001, 19.399999999999999, 19.399999999999999, 
	20.100000000000001, 20.600000000000001, 21., 21.5, 21.600000000000001,
	21.600000000000001, 21.899999999999999, 22.100000000000001, 23., 
	23.100000000000001, 10.699999999999999, 11.4, 12.5, 12.6, 12.9, 14.,
	14., 14.300000000000001, 14.699999999999999, 14.9, 15., 15.6, 15.6,
	15.6, 15.699999999999999, 16.100000000000001, 16.100000000000001, 
	16.199999999999999, 16.699999999999999, 17.100000000000001, 17.5, 17.5,
	17.5, 17.600000000000001, 18., 18., 18.300000000000001, 
	18.399999999999999, 18.399999999999999, 18.5, 18.600000000000001, 
	18.800000000000001, 18.899999999999999, 19.100000000000001, 
	19.100000000000001, 19.699999999999999, 19.899999999999999, 
	19.899999999999999, 20., 20.100000000000001, 20.300000000000001, 20.5,
	20.600000000000001, 20.899999999999999, 21.300000000000001, 
	21.399999999999999, 21.699999999999999, 21.899999999999999, 22.5, 
	23.100000000000001)
, "RW" = c(6.7000000000000002, 7.7000000000000002, 7.7999999999999998, 
	7.9000000000000004, 8., 9., 9.9000000000000004, 9.0999999999999996,
	9.5999999999999996, 10.5, 10.800000000000001, 11., 10., 
	10.199999999999999, 10.9, 11., 10.6, 10.9, 11.1, 11.1, 11.6, 
	11.300000000000001, 10.9, 11.5, 11.9, 12.1, 11.800000000000001, 12.6,
	12.699999999999999, 11.6, 12.800000000000001, 13.300000000000001, 
	12.699999999999999, 13., 13.5, 12.800000000000001, 13.199999999999999,
	12.6, 12.699999999999999, 13.5, 13.6, 14.1, 13.699999999999999, 
	15.800000000000001, 13.5, 13.800000000000001, 15.300000000000001, 
	14.199999999999999, 14.300000000000001, 15.699999999999999, 6.5, 8.5,
	8.0999999999999996, 8.1999999999999993, 8.1999999999999993, 
	8.9000000000000004, 9.3000000000000007, 9.5, 9.6999999999999993, 9.5,
	9.8000000000000007, 10., 11., 11., 11.4, 10.6, 11.4, 10.699999999999999,
	11.1, 12.199999999999999, 11.699999999999999, 12.199999999999999, 
	12.199999999999999, 11.4, 11.5, 12.199999999999999, 11.800000000000001,
	12.5, 13., 12.5, 13.199999999999999, 13.800000000000001, 
	14.199999999999999, 13.300000000000001, 13.5, 13.800000000000001, 
	14.300000000000001, 14.199999999999999, 13.300000000000001, 
	13.800000000000001, 13.9, 14.699999999999999, 13.9, 15., 
	15.199999999999999, 14., 16.100000000000001, 16.899999999999999, 
	16.699999999999999, 16.5, 6.9000000000000004, 8.1999999999999993, 
	8.5999999999999996, 9., 9.4000000000000004, 9.4000000000000004, 10.4,
	11., 10.1, 11., 11.5, 10.4, 10.5, 10.699999999999999, 10.6, 
	10.699999999999999, 11.300000000000001, 11.300000000000001, 11.1, 11.4,
	11.5, 11.1, 12.199999999999999, 11.800000000000001, 11.6, 12.6, 
	12.800000000000001, 12., 12.699999999999999, 12.5, 12.9, 13.4, 
	13.699999999999999, 13.4, 13.4, 13.5, 13.4, 13.800000000000001, 14.1,
	14.4, 13.699999999999999, 14.4, 15., 15.5, 15.4, 14.800000000000001,
	15.699999999999999, 15.800000000000001, 16.800000000000001, 
	15.699999999999999, 9.6999999999999993, 9.1999999999999993, 10., 11.5,
	11.199999999999999, 11.9, 12.800000000000001, 12.199999999999999, 
	13.199999999999999, 13., 12.300000000000001, 13.5, 14., 14.1, 13.6,
	13.6, 13.699999999999999, 14., 14.300000000000001, 14.5, 
	14.300000000000001, 14.4, 14.699999999999999, 14., 14.9, 
	16.300000000000001, 15.699999999999999, 15.5, 15.699999999999999, 14.6,
	14.5, 15.199999999999999, 16.699999999999999, 16., 16.300000000000001,
	16.699999999999999, 16.600000000000001, 17.899999999999999, 
	16.699999999999999, 17.199999999999999, 16., 17.5, 17.5, 16.5, 
	18.399999999999999, 18., 17.100000000000001, 17.199999999999999, 
	17.199999999999999, 20.199999999999999)
